X = [0.0, 3.0, 4.0]	 Y = [5.0, 6.4, 8.0]

	 INTERPOLATION : LAGRANGE 

P(x) = 2.13333333333333*x*(4.0 - 1.0*x) + 2.0*x*(1.0*x - 3.0) + 5.0*(1.0 - 0.333333333333333*x)*(1.0 - 0.25*x)
