X = [0.0, 10.0, 25.0, 37.0, 48.0, 65.0, 73.0, 80.0]	 Y = [1.66, 1.65, 1.64, 1.63, 1.63, 1.615, 1.61, 1.605]

	 INTERPOLATION : LAGRANGE 

P(x) = 0.165*x*(1.14285714285714 - 0.0142857142857143*x)*(1.15873015873016 - 0.0158730158730159*x)*(1.18181818181818 - 0.0181818181818182*x)*(1.26315789473684 - 0.0263157894736842*x)*(1.37037037037037 - 0.037037037037037*x)*(1.66666666666667 - 0.0666666666666667*x) + 0.0656*x*(1.45454545454545 - 0.0181818181818182*x)*(1.52083333333333 - 0.0208333333333333*x)*(1.625 - 0.025*x)*(2.08695652173913 - 0.0434782608695652*x)*(3.08333333333333 - 0.0833333333333333*x)*(0.0666666666666667*x - 0.666666666666667) + 0.0440540540540541*x*(1.86046511627907 - 0.0232558139534884*x)*(2.02777777777778 - 0.0277777777777778*x)*(2.32142857142857 - 0.0357142857142857*x)*(4.36363636363636 - 0.0909090909090909*x)*(0.037037037037037*x - 0.37037037037037)*(0.0833333333333333*x - 2.08333333333333) + 0.0339583333333333*x*(2.5 - 0.03125*x)*(2.92 - 0.04*x)*(3.82352941176471 - 0.0588235294117647*x)*(0.0263157894736842*x - 0.263157894736842)*(0.0434782608695652*x - 1.08695652173913)*(0.0909090909090909*x - 3.36363636363636) + 0.0248461538461538*x*(5.33333333333333 - 0.0666666666666667*x)*(9.125 - 0.125*x)*(0.0181818181818182*x - 0.181818181818182)*(0.025*x - 0.625)*(0.0357142857142857*x - 1.32142857142857)*(0.0588235294117647*x - 2.82352941176471) + 0.0220547945205479*x*(11.4285714285714 - 0.142857142857143*x)*(0.0158730158730159*x - 0.158730158730159)*(0.0208333333333333*x - 0.520833333333333)*(0.0277777777777778*x - 1.02777777777778)*(0.04*x - 1.92)*(0.125*x - 8.125) + 0.0200625*x*(0.0142857142857143*x - 0.142857142857143)*(0.0181818181818182*x - 0.454545454545455)*(0.0232558139534884*x - 0.86046511627907)*(0.03125*x - 1.5)*(0.0666666666666667*x - 4.33333333333333)*(0.142857142857143*x - 10.4285714285714) + 1.66*(1.0 - 0.1*x)*(1.0 - 0.04*x)*(1.0 - 0.027027027027027*x)*(1.0 - 0.0208333333333333*x)*(1.0 - 0.0153846153846154*x)*(1.0 - 0.0136986301369863*x)*(1.0 - 0.0125*x)


	 INTERPOLATION : NEWTON 

matice de newton : 
[[0. 0. 0. 0. 0. 0. 0. 0. 0.]
 [0. 0. 0. 0. 0. 0. 0. 0. 0.]
 [0. 0. 0. 0. 0. 0. 0. 0. 0.]
 [0. 0. 0. 0. 0. 0. 0. 0. 0.]
 [0. 0. 0. 0. 0. 0. 0. 0. 0.]
 [0. 0. 0. 0. 0. 0. 0. 0. 0.]
 [0. 0. 0. 0. 0. 0. 0. 0. 0.]
 [0. 0. 0. 0. 0. 0. 0. 0. 0.]]

ap[0][0] = 1

 [[1. 0. 0. 0. 0. 0. 0. 0. 0.]
 [0. 0. 0. 0. 0. 0. 0. 0. 0.]
 [0. 0. 0. 0. 0. 0. 0. 0. 0.]
 [0. 0. 0. 0. 0. 0. 0. 0. 0.]
 [0. 0. 0. 0. 0. 0. 0. 0. 0.]
 [0. 0. 0. 0. 0. 0. 0. 0. 0.]
 [0. 0. 0. 0. 0. 0. 0. 0. 0.]
 [0. 0. 0. 0. 0. 0. 0. 0. 0.]]

ap[1][0] = 1
ap[1][1] = 1 * (10.0 - 0.0)

 [[ 1.  0.  0.  0.  0.  0.  0.  0.  0.]
 [ 1. 10.  0.  0.  0.  0.  0.  0.  0.]
 [ 0.  0.  0.  0.  0.  0.  0.  0.  0.]
 [ 0.  0.  0.  0.  0.  0.  0.  0.  0.]
 [ 0.  0.  0.  0.  0.  0.  0.  0.  0.]
 [ 0.  0.  0.  0.  0.  0.  0.  0.  0.]
 [ 0.  0.  0.  0.  0.  0.  0.  0.  0.]
 [ 0.  0.  0.  0.  0.  0.  0.  0.  0.]]

ap[2][0] = 1
ap[2][1] = 1 * (25.0 - 0.0)
ap[2][2] = 1 * (25.0 - 0.0) * (25.0 - 10.0)

 [[  1.   0.   0.   0.   0.   0.   0.   0.   0.]
 [  1.  10.   0.   0.   0.   0.   0.   0.   0.]
 [  1.  25. 375.   0.   0.   0.   0.   0.   0.]
 [  0.   0.   0.   0.   0.   0.   0.   0.   0.]
 [  0.   0.   0.   0.   0.   0.   0.   0.   0.]
 [  0.   0.   0.   0.   0.   0.   0.   0.   0.]
 [  0.   0.   0.   0.   0.   0.   0.   0.   0.]
 [  0.   0.   0.   0.   0.   0.   0.   0.   0.]]

ap[3][0] = 1
ap[3][1] = 1 * (37.0 - 0.0)
ap[3][2] = 1 * (37.0 - 0.0) * (37.0 - 10.0)
ap[3][3] = 1 * (37.0 - 0.0) * (37.0 - 10.0) * (37.0 - 25.0)

 [[1.0000e+00 0.0000e+00 0.0000e+00 0.0000e+00 0.0000e+00 0.0000e+00
  0.0000e+00 0.0000e+00 0.0000e+00]
 [1.0000e+00 1.0000e+01 0.0000e+00 0.0000e+00 0.0000e+00 0.0000e+00
  0.0000e+00 0.0000e+00 0.0000e+00]
 [1.0000e+00 2.5000e+01 3.7500e+02 0.0000e+00 0.0000e+00 0.0000e+00
  0.0000e+00 0.0000e+00 0.0000e+00]
 [1.0000e+00 3.7000e+01 9.9900e+02 1.1988e+04 0.0000e+00 0.0000e+00
  0.0000e+00 0.0000e+00 0.0000e+00]
 [0.0000e+00 0.0000e+00 0.0000e+00 0.0000e+00 0.0000e+00 0.0000e+00
  0.0000e+00 0.0000e+00 0.0000e+00]
 [0.0000e+00 0.0000e+00 0.0000e+00 0.0000e+00 0.0000e+00 0.0000e+00
  0.0000e+00 0.0000e+00 0.0000e+00]
 [0.0000e+00 0.0000e+00 0.0000e+00 0.0000e+00 0.0000e+00 0.0000e+00
  0.0000e+00 0.0000e+00 0.0000e+00]
 [0.0000e+00 0.0000e+00 0.0000e+00 0.0000e+00 0.0000e+00 0.0000e+00
  0.0000e+00 0.0000e+00 0.0000e+00]]

ap[4][0] = 1
ap[4][1] = 1 * (48.0 - 0.0)
ap[4][2] = 1 * (48.0 - 0.0) * (48.0 - 10.0)
ap[4][3] = 1 * (48.0 - 0.0) * (48.0 - 10.0) * (48.0 - 25.0)
ap[4][4] = 1 * (48.0 - 0.0) * (48.0 - 10.0) * (48.0 - 25.0) * (48.0 - 37.0)

 [[1.00000e+00 0.00000e+00 0.00000e+00 0.00000e+00 0.00000e+00 0.00000e+00
  0.00000e+00 0.00000e+00 0.00000e+00]
 [1.00000e+00 1.00000e+01 0.00000e+00 0.00000e+00 0.00000e+00 0.00000e+00
  0.00000e+00 0.00000e+00 0.00000e+00]
 [1.00000e+00 2.50000e+01 3.75000e+02 0.00000e+00 0.00000e+00 0.00000e+00
  0.00000e+00 0.00000e+00 0.00000e+00]
 [1.00000e+00 3.70000e+01 9.99000e+02 1.19880e+04 0.00000e+00 0.00000e+00
  0.00000e+00 0.00000e+00 0.00000e+00]
 [1.00000e+00 4.80000e+01 1.82400e+03 4.19520e+04 4.61472e+05 0.00000e+00
  0.00000e+00 0.00000e+00 0.00000e+00]
 [0.00000e+00 0.00000e+00 0.00000e+00 0.00000e+00 0.00000e+00 0.00000e+00
  0.00000e+00 0.00000e+00 0.00000e+00]
 [0.00000e+00 0.00000e+00 0.00000e+00 0.00000e+00 0.00000e+00 0.00000e+00
  0.00000e+00 0.00000e+00 0.00000e+00]
 [0.00000e+00 0.00000e+00 0.00000e+00 0.00000e+00 0.00000e+00 0.00000e+00
  0.00000e+00 0.00000e+00 0.00000e+00]]

ap[5][0] = 1
ap[5][1] = 1 * (65.0 - 0.0)
ap[5][2] = 1 * (65.0 - 0.0) * (65.0 - 10.0)
ap[5][3] = 1 * (65.0 - 0.0) * (65.0 - 10.0) * (65.0 - 25.0)
ap[5][4] = 1 * (65.0 - 0.0) * (65.0 - 10.0) * (65.0 - 25.0) * (65.0 - 37.0)
ap[5][5] = 1 * (65.0 - 0.0) * (65.0 - 10.0) * (65.0 - 25.0) * (65.0 - 37.0) * (65.0 - 48.0)

 [[1.00000e+00 0.00000e+00 0.00000e+00 0.00000e+00 0.00000e+00 0.00000e+00
  0.00000e+00 0.00000e+00 0.00000e+00]
 [1.00000e+00 1.00000e+01 0.00000e+00 0.00000e+00 0.00000e+00 0.00000e+00
  0.00000e+00 0.00000e+00 0.00000e+00]
 [1.00000e+00 2.50000e+01 3.75000e+02 0.00000e+00 0.00000e+00 0.00000e+00
  0.00000e+00 0.00000e+00 0.00000e+00]
 [1.00000e+00 3.70000e+01 9.99000e+02 1.19880e+04 0.00000e+00 0.00000e+00
  0.00000e+00 0.00000e+00 0.00000e+00]
 [1.00000e+00 4.80000e+01 1.82400e+03 4.19520e+04 4.61472e+05 0.00000e+00
  0.00000e+00 0.00000e+00 0.00000e+00]
 [1.00000e+00 6.50000e+01 3.57500e+03 1.43000e+05 4.00400e+06 6.80680e+07
  0.00000e+00 0.00000e+00 0.00000e+00]
 [0.00000e+00 0.00000e+00 0.00000e+00 0.00000e+00 0.00000e+00 0.00000e+00
  0.00000e+00 0.00000e+00 0.00000e+00]
 [0.00000e+00 0.00000e+00 0.00000e+00 0.00000e+00 0.00000e+00 0.00000e+00
  0.00000e+00 0.00000e+00 0.00000e+00]]

ap[6][0] = 1
ap[6][1] = 1 * (73.0 - 0.0)
ap[6][2] = 1 * (73.0 - 0.0) * (73.0 - 10.0)
ap[6][3] = 1 * (73.0 - 0.0) * (73.0 - 10.0) * (73.0 - 25.0)
ap[6][4] = 1 * (73.0 - 0.0) * (73.0 - 10.0) * (73.0 - 25.0) * (73.0 - 37.0)
ap[6][5] = 1 * (73.0 - 0.0) * (73.0 - 10.0) * (73.0 - 25.0) * (73.0 - 37.0) * (73.0 - 48.0)
ap[6][6] = 1 * (73.0 - 0.0) * (73.0 - 10.0) * (73.0 - 25.0) * (73.0 - 37.0) * (73.0 - 48.0) * (73.0 - 65.0)

 [[1.0000000e+00 0.0000000e+00 0.0000000e+00 0.0000000e+00 0.0000000e+00
  0.0000000e+00 0.0000000e+00 0.0000000e+00 0.0000000e+00]
 [1.0000000e+00 1.0000000e+01 0.0000000e+00 0.0000000e+00 0.0000000e+00
  0.0000000e+00 0.0000000e+00 0.0000000e+00 0.0000000e+00]
 [1.0000000e+00 2.5000000e+01 3.7500000e+02 0.0000000e+00 0.0000000e+00
  0.0000000e+00 0.0000000e+00 0.0000000e+00 0.0000000e+00]
 [1.0000000e+00 3.7000000e+01 9.9900000e+02 1.1988000e+04 0.0000000e+00
  0.0000000e+00 0.0000000e+00 0.0000000e+00 0.0000000e+00]
 [1.0000000e+00 4.8000000e+01 1.8240000e+03 4.1952000e+04 4.6147200e+05
  0.0000000e+00 0.0000000e+00 0.0000000e+00 0.0000000e+00]
 [1.0000000e+00 6.5000000e+01 3.5750000e+03 1.4300000e+05 4.0040000e+06
  6.8068000e+07 0.0000000e+00 0.0000000e+00 0.0000000e+00]
 [1.0000000e+00 7.3000000e+01 4.5990000e+03 2.2075200e+05 7.9470720e+06
  1.9867680e+08 1.5894144e+09 0.0000000e+00 0.0000000e+00]
 [0.0000000e+00 0.0000000e+00 0.0000000e+00 0.0000000e+00 0.0000000e+00
  0.0000000e+00 0.0000000e+00 0.0000000e+00 0.0000000e+00]]

ap[7][0] = 1
ap[7][1] = 1 * (80.0 - 0.0)
ap[7][2] = 1 * (80.0 - 0.0) * (80.0 - 10.0)
ap[7][3] = 1 * (80.0 - 0.0) * (80.0 - 10.0) * (80.0 - 25.0)
ap[7][4] = 1 * (80.0 - 0.0) * (80.0 - 10.0) * (80.0 - 25.0) * (80.0 - 37.0)
ap[7][5] = 1 * (80.0 - 0.0) * (80.0 - 10.0) * (80.0 - 25.0) * (80.0 - 37.0) * (80.0 - 48.0)
ap[7][6] = 1 * (80.0 - 0.0) * (80.0 - 10.0) * (80.0 - 25.0) * (80.0 - 37.0) * (80.0 - 48.0) * (80.0 - 65.0)
ap[7][7] = 1 * (80.0 - 0.0) * (80.0 - 10.0) * (80.0 - 25.0) * (80.0 - 37.0) * (80.0 - 48.0) * (80.0 - 65.0) * (80.0 - 73.0)

 [[1.0000000e+00 0.0000000e+00 0.0000000e+00 0.0000000e+00 0.0000000e+00
  0.0000000e+00 0.0000000e+00 0.0000000e+00 0.0000000e+00]
 [1.0000000e+00 1.0000000e+01 0.0000000e+00 0.0000000e+00 0.0000000e+00
  0.0000000e+00 0.0000000e+00 0.0000000e+00 0.0000000e+00]
 [1.0000000e+00 2.5000000e+01 3.7500000e+02 0.0000000e+00 0.0000000e+00
  0.0000000e+00 0.0000000e+00 0.0000000e+00 0.0000000e+00]
 [1.0000000e+00 3.7000000e+01 9.9900000e+02 1.1988000e+04 0.0000000e+00
  0.0000000e+00 0.0000000e+00 0.0000000e+00 0.0000000e+00]
 [1.0000000e+00 4.8000000e+01 1.8240000e+03 4.1952000e+04 4.6147200e+05
  0.0000000e+00 0.0000000e+00 0.0000000e+00 0.0000000e+00]
 [1.0000000e+00 6.5000000e+01 3.5750000e+03 1.4300000e+05 4.0040000e+06
  6.8068000e+07 0.0000000e+00 0.0000000e+00 0.0000000e+00]
 [1.0000000e+00 7.3000000e+01 4.5990000e+03 2.2075200e+05 7.9470720e+06
  1.9867680e+08 1.5894144e+09 0.0000000e+00 0.0000000e+00]
 [1.0000000e+00 8.0000000e+01 5.6000000e+03 3.0800000e+05 1.3244000e+07
  4.2380800e+08 6.3571200e+09 4.4499840e+10 0.0000000e+00]]

[ap|y]

 [[1.0000000e+00 0.0000000e+00 0.0000000e+00 0.0000000e+00 0.0000000e+00
  0.0000000e+00 0.0000000e+00 0.0000000e+00 1.6600000e+00]
 [1.0000000e+00 1.0000000e+01 0.0000000e+00 0.0000000e+00 0.0000000e+00
  0.0000000e+00 0.0000000e+00 0.0000000e+00 1.6500000e+00]
 [1.0000000e+00 2.5000000e+01 3.7500000e+02 0.0000000e+00 0.0000000e+00
  0.0000000e+00 0.0000000e+00 0.0000000e+00 1.6400000e+00]
 [1.0000000e+00 3.7000000e+01 9.9900000e+02 1.1988000e+04 0.0000000e+00
  0.0000000e+00 0.0000000e+00 0.0000000e+00 1.6300000e+00]
 [1.0000000e+00 4.8000000e+01 1.8240000e+03 4.1952000e+04 4.6147200e+05
  0.0000000e+00 0.0000000e+00 0.0000000e+00 1.6300000e+00]
 [1.0000000e+00 6.5000000e+01 3.5750000e+03 1.4300000e+05 4.0040000e+06
  6.8068000e+07 0.0000000e+00 0.0000000e+00 1.6150000e+00]
 [1.0000000e+00 7.3000000e+01 4.5990000e+03 2.2075200e+05 7.9470720e+06
  1.9867680e+08 1.5894144e+09 0.0000000e+00 1.6100000e+00]
 [1.0000000e+00 8.0000000e+01 5.6000000e+03 3.0800000e+05 1.3244000e+07
  4.2380800e+08 6.3571200e+09 4.4499840e+10 1.6050000e+00]]

alpha : [1.66, -0.0010000000000000009, 1.3333333333333345e-05, -5.271938605271943e-07, 3.4231409136062104e-08, -1.3125184637725577e-09, 4.2019623300634344e-11, -1.157750293140509e-12]
P(x) = -1.157750293140509e-12*x*(x - 73.0)*(x - 65.0)*(x - 48.0)*(x - 37.0)*(x - 25.0)*(x - 10.0) + 4.2019623300634344e-11*x*(x - 65.0)*(x - 48.0)*(x - 37.0)*(x - 25.0)*(x - 10.0) - 1.3125184637725577e-9*x*(x - 48.0)*(x - 37.0)*(x - 25.0)*(x - 10.0) + 3.4231409136062104e-8*x*(x - 37.0)*(x - 25.0)*(x - 10.0) - 5.271938605271943e-7*x*(x - 25.0)*(x - 10.0) + 1.3333333333333345e-5*x*(x - 10.0) - 0.0010000000000000009*x + 1.66


	 INTERPOLATION : MOINDRES CARRES 

p = 7
[P|B]
P : 
[[5.86235202e+26 7.54655349e+24 9.74657637e+22 1.26352468e+21
  1.64511474e+19 2.15287610e+17 2.83467095e+15 3.76092601e+13
  6.04843859e+13]
 [7.54655349e+24 9.74657637e+22 1.26352468e+21 1.64511474e+19
  2.15287610e+17 2.83467095e+15 3.76092601e+13 5.03938574e+11
  8.10710770e+11]
 [9.74657637e+22 1.26352468e+21 1.64511474e+19 2.15287610e+17
  2.83467095e+15 3.76092601e+13 5.03938574e+11 6.84417577e+09
  1.10153204e+10]
 [1.26352468e+21 1.64511474e+19 2.15287610e+17 2.83467095e+15
  3.76092601e+13 5.03938574e+11 6.84417577e+09 9.47920680e+07
  1.52655453e+08]
 [1.64511474e+19 2.15287610e+17 2.83467095e+15 3.76092601e+13
  5.03938574e+11 6.84417577e+09 9.47920680e+07 1.35351200e+06
  2.18170109e+06]
 [2.15287610e+17 2.83467095e+15 3.76092601e+13 5.03938574e+11
  6.84417577e+09 9.47920680e+07 1.35351200e+06 2.03520000e+04
  3.28520550e+04]
 [2.83467095e+15 3.76092601e+13 5.03938574e+11 6.84417577e+09
  9.47920680e+07 1.35351200e+06 2.03520000e+04 3.38000000e+02
  5.46955000e+02]
 [3.76092601e+13 5.03938574e+11 6.84417577e+09 9.47920680e+07
  1.35351200e+06 2.03520000e+04 3.38000000e+02 8.00000000e+00
  1.30400000e+01]]

A :
 [[5.86235202e+26 7.54655349e+24 9.74657637e+22 1.26352468e+21
  1.64511474e+19 2.15287610e+17 2.83467095e+15 3.76092601e+13
  6.04843859e+13]
 [7.54655349e+24 9.74657637e+22 1.26352468e+21 1.64511474e+19
  2.15287610e+17 2.83467095e+15 3.76092601e+13 5.03938574e+11
  8.10710770e+11]
 [9.74657637e+22 1.26352468e+21 1.64511474e+19 2.15287610e+17
  2.83467095e+15 3.76092601e+13 5.03938574e+11 6.84417577e+09
  1.10153204e+10]
 [1.26352468e+21 1.64511474e+19 2.15287610e+17 2.83467095e+15
  3.76092601e+13 5.03938574e+11 6.84417577e+09 9.47920680e+07
  1.52655453e+08]
 [1.64511474e+19 2.15287610e+17 2.83467095e+15 3.76092601e+13
  5.03938574e+11 6.84417577e+09 9.47920680e+07 1.35351200e+06
  2.18170109e+06]
 [2.15287610e+17 2.83467095e+15 3.76092601e+13 5.03938574e+11
  6.84417577e+09 9.47920680e+07 1.35351200e+06 2.03520000e+04
  3.28520550e+04]
 [2.83467095e+15 3.76092601e+13 5.03938574e+11 6.84417577e+09
  9.47920680e+07 1.35351200e+06 2.03520000e+04 3.38000000e+02
  5.46955000e+02]
 [3.76092601e+13 5.03938574e+11 6.84417577e+09 9.47920680e+07
  1.35351200e+06 2.03520000e+04 3.38000000e+02 8.00000000e+00
  1.30400000e+01]]
	 DECOMPOSITION LU : CROUT 

A
[[5.86235202e+26 7.54655349e+24 9.74657637e+22 1.26352468e+21
  1.64511474e+19 2.15287610e+17 2.83467095e+15 3.76092601e+13
  6.04843859e+13]
 [7.54655349e+24 9.74657637e+22 1.26352468e+21 1.64511474e+19
  2.15287610e+17 2.83467095e+15 3.76092601e+13 5.03938574e+11
  8.10710770e+11]
 [9.74657637e+22 1.26352468e+21 1.64511474e+19 2.15287610e+17
  2.83467095e+15 3.76092601e+13 5.03938574e+11 6.84417577e+09
  1.10153204e+10]
 [1.26352468e+21 1.64511474e+19 2.15287610e+17 2.83467095e+15
  3.76092601e+13 5.03938574e+11 6.84417577e+09 9.47920680e+07
  1.52655453e+08]
 [1.64511474e+19 2.15287610e+17 2.83467095e+15 3.76092601e+13
  5.03938574e+11 6.84417577e+09 9.47920680e+07 1.35351200e+06
  2.18170109e+06]
 [2.15287610e+17 2.83467095e+15 3.76092601e+13 5.03938574e+11
  6.84417577e+09 9.47920680e+07 1.35351200e+06 2.03520000e+04
  3.28520550e+04]
 [2.83467095e+15 3.76092601e+13 5.03938574e+11 6.84417577e+09
  9.47920680e+07 1.35351200e+06 2.03520000e+04 3.38000000e+02
  5.46955000e+02]
 [3.76092601e+13 5.03938574e+11 6.84417577e+09 9.47920680e+07
  1.35351200e+06 2.03520000e+04 3.38000000e+02 8.00000000e+00
  1.30400000e+01]]


L[0][0] = A[0][0]
L[1][0] = A[1][0]
L[2][0] = A[2][0]
L[3][0] = A[3][0]
L[4][0] = A[4][0]
L[5][0] = A[5][0]
L[6][0] = A[6][0]
L[7][0] = A[7][0]

L
[[5.86235202e+26 0.00000000e+00 0.00000000e+00 0.00000000e+00
  0.00000000e+00 0.00000000e+00 0.00000000e+00 0.00000000e+00]
 [7.54655349e+24 0.00000000e+00 0.00000000e+00 0.00000000e+00
  0.00000000e+00 0.00000000e+00 0.00000000e+00 0.00000000e+00]
 [9.74657637e+22 0.00000000e+00 0.00000000e+00 0.00000000e+00
  0.00000000e+00 0.00000000e+00 0.00000000e+00 0.00000000e+00]
 [1.26352468e+21 0.00000000e+00 0.00000000e+00 0.00000000e+00
  0.00000000e+00 0.00000000e+00 0.00000000e+00 0.00000000e+00]
 [1.64511474e+19 0.00000000e+00 0.00000000e+00 0.00000000e+00
  0.00000000e+00 0.00000000e+00 0.00000000e+00 0.00000000e+00]
 [2.15287610e+17 0.00000000e+00 0.00000000e+00 0.00000000e+00
  0.00000000e+00 0.00000000e+00 0.00000000e+00 0.00000000e+00]
 [2.83467095e+15 0.00000000e+00 0.00000000e+00 0.00000000e+00
  0.00000000e+00 0.00000000e+00 0.00000000e+00 0.00000000e+00]
 [3.76092601e+13 0.00000000e+00 0.00000000e+00 0.00000000e+00
  0.00000000e+00 0.00000000e+00 0.00000000e+00 0.00000000e+00]]

U[0][1] = (A[0][1]) / L[0][0]
U[0][2] = (A[0][2]) / L[0][0]
U[0][3] = (A[0][3]) / L[0][0]
U[0][4] = (A[0][4]) / L[0][0]
U[0][5] = (A[0][5]) / L[0][0]
U[0][6] = (A[0][6]) / L[0][0]
U[0][7] = (A[0][7]) / L[0][0]

U
[[1.00000000e+00 1.28729108e-02 1.66257099e-04 2.15532039e-06
  2.80623671e-08 3.67237603e-10 4.83538167e-12 6.41538755e-14]
 [0.00000000e+00 0.00000000e+00 0.00000000e+00 0.00000000e+00
  0.00000000e+00 0.00000000e+00 0.00000000e+00 0.00000000e+00]
 [0.00000000e+00 0.00000000e+00 0.00000000e+00 0.00000000e+00
  0.00000000e+00 0.00000000e+00 0.00000000e+00 0.00000000e+00]
 [0.00000000e+00 0.00000000e+00 0.00000000e+00 0.00000000e+00
  0.00000000e+00 0.00000000e+00 0.00000000e+00 0.00000000e+00]
 [0.00000000e+00 0.00000000e+00 0.00000000e+00 0.00000000e+00
  0.00000000e+00 0.00000000e+00 0.00000000e+00 0.00000000e+00]
 [0.00000000e+00 0.00000000e+00 0.00000000e+00 0.00000000e+00
  0.00000000e+00 0.00000000e+00 0.00000000e+00 0.00000000e+00]
 [0.00000000e+00 0.00000000e+00 0.00000000e+00 0.00000000e+00
  0.00000000e+00 0.00000000e+00 0.00000000e+00 0.00000000e+00]
 [0.00000000e+00 0.00000000e+00 0.00000000e+00 0.00000000e+00
  0.00000000e+00 0.00000000e+00 0.00000000e+00 0.00000000e+00]]

A
[[5.86235202e+26 7.54655349e+24 9.74657637e+22 1.26352468e+21
  1.64511474e+19 2.15287610e+17 2.83467095e+15 3.76092601e+13
  6.04843859e+13]
 [7.54655349e+24 9.74657637e+22 1.26352468e+21 1.64511474e+19
  2.15287610e+17 2.83467095e+15 3.76092601e+13 5.03938574e+11
  8.10710770e+11]
 [9.74657637e+22 1.26352468e+21 1.64511474e+19 2.15287610e+17
  2.83467095e+15 3.76092601e+13 5.03938574e+11 6.84417577e+09
  1.10153204e+10]
 [1.26352468e+21 1.64511474e+19 2.15287610e+17 2.83467095e+15
  3.76092601e+13 5.03938574e+11 6.84417577e+09 9.47920680e+07
  1.52655453e+08]
 [1.64511474e+19 2.15287610e+17 2.83467095e+15 3.76092601e+13
  5.03938574e+11 6.84417577e+09 9.47920680e+07 1.35351200e+06
  2.18170109e+06]
 [2.15287610e+17 2.83467095e+15 3.76092601e+13 5.03938574e+11
  6.84417577e+09 9.47920680e+07 1.35351200e+06 2.03520000e+04
  3.28520550e+04]
 [2.83467095e+15 3.76092601e+13 5.03938574e+11 6.84417577e+09
  9.47920680e+07 1.35351200e+06 2.03520000e+04 3.38000000e+02
  5.46955000e+02]
 [3.76092601e+13 5.03938574e+11 6.84417577e+09 9.47920680e+07
  1.35351200e+06 2.03520000e+04 3.38000000e+02 8.00000000e+00
  1.30400000e+01]]


L[1][1] = A[1][1]
L[2][1] = A[2][1]
L[3][1] = A[3][1]
L[4][1] = A[4][1]
L[5][1] = A[5][1]
L[6][1] = A[6][1]
L[7][1] = A[7][1]

L
[[5.86235202e+26 0.00000000e+00 0.00000000e+00 0.00000000e+00
  0.00000000e+00 0.00000000e+00 0.00000000e+00 0.00000000e+00]
 [7.54655349e+24 3.19653548e+20 0.00000000e+00 0.00000000e+00
  0.00000000e+00 0.00000000e+00 0.00000000e+00 0.00000000e+00]
 [9.74657637e+22 8.85659463e+18 0.00000000e+00 0.00000000e+00
  0.00000000e+00 0.00000000e+00 0.00000000e+00 0.00000000e+00]
 [1.26352468e+21 1.85906859e+17 0.00000000e+00 0.00000000e+00
  0.00000000e+00 0.00000000e+00 0.00000000e+00 0.00000000e+00]
 [1.64511474e+19 3.51345637e+15 0.00000000e+00 0.00000000e+00
  0.00000000e+00 0.00000000e+00 0.00000000e+00 0.00000000e+00]
 [2.15287610e+17 6.32927381e+13 0.00000000e+00 0.00000000e+00
  0.00000000e+00 0.00000000e+00 0.00000000e+00 0.00000000e+00]
 [2.83467095e+15 1.11879371e+12 0.00000000e+00 0.00000000e+00
  0.00000000e+00 0.00000000e+00 0.00000000e+00 0.00000000e+00]
 [3.76092601e+13 1.97979218e+10 0.00000000e+00 0.00000000e+00
  0.00000000e+00 0.00000000e+00 0.00000000e+00 0.00000000e+00]]

U[1][2] = (A[1][2]) / L[1][1]
U[1][3] = (A[1][3]) / L[1][1]
U[1][4] = (A[1][4]) / L[1][1]
U[1][5] = (A[1][5]) / L[1][1]
U[1][6] = (A[1][6]) / L[1][1]
U[1][7] = (A[1][7]) / L[1][1]

U
[[1.00000000e+00 1.28729108e-02 1.66257099e-04 2.15532039e-06
  2.80623671e-08 3.67237603e-10 4.83538167e-12 6.41538755e-14]
 [0.00000000e+00 1.00000000e+00 2.77068554e-02 5.81588598e-04
  1.09914512e-05 1.98004178e-07 3.50001968e-09 6.19355608e-11]
 [0.00000000e+00 0.00000000e+00 0.00000000e+00 0.00000000e+00
  0.00000000e+00 0.00000000e+00 0.00000000e+00 0.00000000e+00]
 [0.00000000e+00 0.00000000e+00 0.00000000e+00 0.00000000e+00
  0.00000000e+00 0.00000000e+00 0.00000000e+00 0.00000000e+00]
 [0.00000000e+00 0.00000000e+00 0.00000000e+00 0.00000000e+00
  0.00000000e+00 0.00000000e+00 0.00000000e+00 0.00000000e+00]
 [0.00000000e+00 0.00000000e+00 0.00000000e+00 0.00000000e+00
  0.00000000e+00 0.00000000e+00 0.00000000e+00 0.00000000e+00]
 [0.00000000e+00 0.00000000e+00 0.00000000e+00 0.00000000e+00
  0.00000000e+00 0.00000000e+00 0.00000000e+00 0.00000000e+00]
 [0.00000000e+00 0.00000000e+00 0.00000000e+00 0.00000000e+00
  0.00000000e+00 0.00000000e+00 0.00000000e+00 0.00000000e+00]]

A
[[5.86235202e+26 7.54655349e+24 9.74657637e+22 1.26352468e+21
  1.64511474e+19 2.15287610e+17 2.83467095e+15 3.76092601e+13
  6.04843859e+13]
 [7.54655349e+24 9.74657637e+22 1.26352468e+21 1.64511474e+19
  2.15287610e+17 2.83467095e+15 3.76092601e+13 5.03938574e+11
  8.10710770e+11]
 [9.74657637e+22 1.26352468e+21 1.64511474e+19 2.15287610e+17
  2.83467095e+15 3.76092601e+13 5.03938574e+11 6.84417577e+09
  1.10153204e+10]
 [1.26352468e+21 1.64511474e+19 2.15287610e+17 2.83467095e+15
  3.76092601e+13 5.03938574e+11 6.84417577e+09 9.47920680e+07
  1.52655453e+08]
 [1.64511474e+19 2.15287610e+17 2.83467095e+15 3.76092601e+13
  5.03938574e+11 6.84417577e+09 9.47920680e+07 1.35351200e+06
  2.18170109e+06]
 [2.15287610e+17 2.83467095e+15 3.76092601e+13 5.03938574e+11
  6.84417577e+09 9.47920680e+07 1.35351200e+06 2.03520000e+04
  3.28520550e+04]
 [2.83467095e+15 3.76092601e+13 5.03938574e+11 6.84417577e+09
  9.47920680e+07 1.35351200e+06 2.03520000e+04 3.38000000e+02
  5.46955000e+02]
 [3.76092601e+13 5.03938574e+11 6.84417577e+09 9.47920680e+07
  1.35351200e+06 2.03520000e+04 3.38000000e+02 8.00000000e+00
  1.30400000e+01]]


L[2][2] = A[2][2]
L[3][2] = A[3][2]
L[4][2] = A[4][2]
L[5][2] = A[5][2]
L[6][2] = A[6][2]
L[7][2] = A[7][2]

L
[[5.86235202e+26 0.00000000e+00 0.00000000e+00 0.00000000e+00
  0.00000000e+00 0.00000000e+00 0.00000000e+00 0.00000000e+00]
 [7.54655349e+24 3.19653548e+20 0.00000000e+00 0.00000000e+00
  0.00000000e+00 0.00000000e+00 0.00000000e+00 0.00000000e+00]
 [9.74657637e+22 8.85659463e+18 1.38395385e+15 0.00000000e+00
  0.00000000e+00 0.00000000e+00 0.00000000e+00 0.00000000e+00]
 [1.26352468e+21 1.85906859e+17 6.67685237e+13 0.00000000e+00
  0.00000000e+00 0.00000000e+00 0.00000000e+00 0.00000000e+00]
 [1.64511474e+19 3.51345637e+15 2.20408598e+12 0.00000000e+00
  0.00000000e+00 0.00000000e+00 0.00000000e+00 0.00000000e+00]
 [2.15287610e+17 6.32927381e+13 6.25239382e+10 0.00000000e+00
  0.00000000e+00 0.00000000e+00 0.00000000e+00 0.00000000e+00]
 [2.83467095e+15 1.11879371e+12 1.65615103e+09 0.00000000e+00
  0.00000000e+00 0.00000000e+00 0.00000000e+00 0.00000000e+00]
 [3.76092601e+13 1.97979218e+10 4.28311426e+07 0.00000000e+00
  0.00000000e+00 0.00000000e+00 0.00000000e+00 0.00000000e+00]]

U[2][3] = (A[2][3]) / L[2][2]
U[2][4] = (A[2][4]) / L[2][2]
U[2][5] = (A[2][5]) / L[2][2]
U[2][6] = (A[2][6]) / L[2][2]
U[2][7] = (A[2][7]) / L[2][2]

U
[[1.00000000e+00 1.28729108e-02 1.66257099e-04 2.15532039e-06
  2.80623671e-08 3.67237603e-10 4.83538167e-12 6.41538755e-14]
 [0.00000000e+00 1.00000000e+00 2.77068554e-02 5.81588598e-04
  1.09914512e-05 1.98004178e-07 3.50001968e-09 6.19355608e-11]
 [0.00000000e+00 0.00000000e+00 1.00000000e+00 4.82447616e-02
  1.59260078e-03 4.51777623e-05 1.19668082e-06 3.09483893e-08]
 [0.00000000e+00 0.00000000e+00 0.00000000e+00 0.00000000e+00
  0.00000000e+00 0.00000000e+00 0.00000000e+00 0.00000000e+00]
 [0.00000000e+00 0.00000000e+00 0.00000000e+00 0.00000000e+00
  0.00000000e+00 0.00000000e+00 0.00000000e+00 0.00000000e+00]
 [0.00000000e+00 0.00000000e+00 0.00000000e+00 0.00000000e+00
  0.00000000e+00 0.00000000e+00 0.00000000e+00 0.00000000e+00]
 [0.00000000e+00 0.00000000e+00 0.00000000e+00 0.00000000e+00
  0.00000000e+00 0.00000000e+00 0.00000000e+00 0.00000000e+00]
 [0.00000000e+00 0.00000000e+00 0.00000000e+00 0.00000000e+00
  0.00000000e+00 0.00000000e+00 0.00000000e+00 0.00000000e+00]]

A
[[5.86235202e+26 7.54655349e+24 9.74657637e+22 1.26352468e+21
  1.64511474e+19 2.15287610e+17 2.83467095e+15 3.76092601e+13
  6.04843859e+13]
 [7.54655349e+24 9.74657637e+22 1.26352468e+21 1.64511474e+19
  2.15287610e+17 2.83467095e+15 3.76092601e+13 5.03938574e+11
  8.10710770e+11]
 [9.74657637e+22 1.26352468e+21 1.64511474e+19 2.15287610e+17
  2.83467095e+15 3.76092601e+13 5.03938574e+11 6.84417577e+09
  1.10153204e+10]
 [1.26352468e+21 1.64511474e+19 2.15287610e+17 2.83467095e+15
  3.76092601e+13 5.03938574e+11 6.84417577e+09 9.47920680e+07
  1.52655453e+08]
 [1.64511474e+19 2.15287610e+17 2.83467095e+15 3.76092601e+13
  5.03938574e+11 6.84417577e+09 9.47920680e+07 1.35351200e+06
  2.18170109e+06]
 [2.15287610e+17 2.83467095e+15 3.76092601e+13 5.03938574e+11
  6.84417577e+09 9.47920680e+07 1.35351200e+06 2.03520000e+04
  3.28520550e+04]
 [2.83467095e+15 3.76092601e+13 5.03938574e+11 6.84417577e+09
  9.47920680e+07 1.35351200e+06 2.03520000e+04 3.38000000e+02
  5.46955000e+02]
 [3.76092601e+13 5.03938574e+11 6.84417577e+09 9.47920680e+07
  1.35351200e+06 2.03520000e+04 3.38000000e+02 8.00000000e+00
  1.30400000e+01]]


L[3][3] = A[3][3]
L[4][3] = A[4][3]
L[5][3] = A[5][3]
L[6][3] = A[6][3]
L[7][3] = A[7][3]

L
[[5.86235202e+26 0.00000000e+00 0.00000000e+00 0.00000000e+00
  0.00000000e+00 0.00000000e+00 0.00000000e+00 0.00000000e+00]
 [7.54655349e+24 3.19653548e+20 0.00000000e+00 0.00000000e+00
  0.00000000e+00 0.00000000e+00 0.00000000e+00 0.00000000e+00]
 [9.74657637e+22 8.85659463e+18 1.38395385e+15 0.00000000e+00
  0.00000000e+00 0.00000000e+00 0.00000000e+00 0.00000000e+00]
 [1.26352468e+21 1.85906859e+17 6.67685237e+13 2.79085194e+10
  0.00000000e+00 0.00000000e+00 0.00000000e+00 0.00000000e+00]
 [1.64511474e+19 3.51345637e+15 2.20408598e+12 2.04496575e+09
  0.00000000e+00 0.00000000e+00 0.00000000e+00 0.00000000e+00]
 [2.15287610e+17 6.32927381e+13 6.25239382e+10 9.80115993e+07
  0.00000000e+00 0.00000000e+00 0.00000000e+00 0.00000000e+00]
 [2.83467095e+15 1.11879371e+12 1.65615103e+09 3.97340236e+06
  0.00000000e+00 0.00000000e+00 0.00000000e+00 0.00000000e+00]
 [3.76092601e+13 1.97979218e+10 4.28311426e+07 1.51439102e+05
  0.00000000e+00 0.00000000e+00 0.00000000e+00 0.00000000e+00]]

U[3][4] = (A[3][4]) / L[3][3]
U[3][5] = (A[3][5]) / L[3][3]
U[3][6] = (A[3][6]) / L[3][3]
U[3][7] = (A[3][7]) / L[3][3]

U
[[1.00000000e+00 1.28729108e-02 1.66257099e-04 2.15532039e-06
  2.80623671e-08 3.67237603e-10 4.83538167e-12 6.41538755e-14]
 [0.00000000e+00 1.00000000e+00 2.77068554e-02 5.81588598e-04
  1.09914512e-05 1.98004178e-07 3.50001968e-09 6.19355608e-11]
 [0.00000000e+00 0.00000000e+00 1.00000000e+00 4.82447616e-02
  1.59260078e-03 4.51777623e-05 1.19668082e-06 3.09483893e-08]
 [0.00000000e+00 0.00000000e+00 0.00000000e+00 1.00000000e+00
  7.32738890e-02 3.51188818e-03 1.42372381e-04 5.42626787e-06]
 [0.00000000e+00 0.00000000e+00 0.00000000e+00 0.00000000e+00
  0.00000000e+00 0.00000000e+00 0.00000000e+00 0.00000000e+00]
 [0.00000000e+00 0.00000000e+00 0.00000000e+00 0.00000000e+00
  0.00000000e+00 0.00000000e+00 0.00000000e+00 0.00000000e+00]
 [0.00000000e+00 0.00000000e+00 0.00000000e+00 0.00000000e+00
  0.00000000e+00 0.00000000e+00 0.00000000e+00 0.00000000e+00]
 [0.00000000e+00 0.00000000e+00 0.00000000e+00 0.00000000e+00
  0.00000000e+00 0.00000000e+00 0.00000000e+00 0.00000000e+00]]

A
[[5.86235202e+26 7.54655349e+24 9.74657637e+22 1.26352468e+21
  1.64511474e+19 2.15287610e+17 2.83467095e+15 3.76092601e+13
  6.04843859e+13]
 [7.54655349e+24 9.74657637e+22 1.26352468e+21 1.64511474e+19
  2.15287610e+17 2.83467095e+15 3.76092601e+13 5.03938574e+11
  8.10710770e+11]
 [9.74657637e+22 1.26352468e+21 1.64511474e+19 2.15287610e+17
  2.83467095e+15 3.76092601e+13 5.03938574e+11 6.84417577e+09
  1.10153204e+10]
 [1.26352468e+21 1.64511474e+19 2.15287610e+17 2.83467095e+15
  3.76092601e+13 5.03938574e+11 6.84417577e+09 9.47920680e+07
  1.52655453e+08]
 [1.64511474e+19 2.15287610e+17 2.83467095e+15 3.76092601e+13
  5.03938574e+11 6.84417577e+09 9.47920680e+07 1.35351200e+06
  2.18170109e+06]
 [2.15287610e+17 2.83467095e+15 3.76092601e+13 5.03938574e+11
  6.84417577e+09 9.47920680e+07 1.35351200e+06 2.03520000e+04
  3.28520550e+04]
 [2.83467095e+15 3.76092601e+13 5.03938574e+11 6.84417577e+09
  9.47920680e+07 1.35351200e+06 2.03520000e+04 3.38000000e+02
  5.46955000e+02]
 [3.76092601e+13 5.03938574e+11 6.84417577e+09 9.47920680e+07
  1.35351200e+06 2.03520000e+04 3.38000000e+02 8.00000000e+00
  1.30400000e+01]]


L[4][4] = A[4][4]
L[5][4] = A[5][4]
L[6][4] = A[6][4]
L[7][4] = A[7][4]

L
[[5.86235202e+26 0.00000000e+00 0.00000000e+00 0.00000000e+00
  0.00000000e+00 0.00000000e+00 0.00000000e+00 0.00000000e+00]
 [7.54655349e+24 3.19653548e+20 0.00000000e+00 0.00000000e+00
  0.00000000e+00 0.00000000e+00 0.00000000e+00 0.00000000e+00]
 [9.74657637e+22 8.85659463e+18 1.38395385e+15 0.00000000e+00
  0.00000000e+00 0.00000000e+00 0.00000000e+00 0.00000000e+00]
 [1.26352468e+21 1.85906859e+17 6.67685237e+13 2.79085194e+10
  0.00000000e+00 0.00000000e+00 0.00000000e+00 0.00000000e+00]
 [1.64511474e+19 3.51345637e+15 2.20408598e+12 2.04496575e+09
  2.38076126e+06 0.00000000e+00 0.00000000e+00 0.00000000e+00]
 [2.15287610e+17 6.32927381e+13 6.25239382e+10 9.80115993e+07
  2.59413105e+05 0.00000000e+00 0.00000000e+00 0.00000000e+00]
 [2.83467095e+15 1.11879371e+12 1.65615103e+09 3.97340236e+06
  1.85907184e+04 0.00000000e+00 0.00000000e+00 0.00000000e+00]
 [3.76092601e+13 1.97979218e+10 4.28311426e+07 1.51439102e+05
  1.18980297e+03 0.00000000e+00 0.00000000e+00 0.00000000e+00]]

U[4][5] = (A[4][5]) / L[4][4]
U[4][6] = (A[4][6]) / L[4][4]
U[4][7] = (A[4][7]) / L[4][4]

U
[[1.00000000e+00 1.28729108e-02 1.66257099e-04 2.15532039e-06
  2.80623671e-08 3.67237603e-10 4.83538167e-12 6.41538755e-14]
 [0.00000000e+00 1.00000000e+00 2.77068554e-02 5.81588598e-04
  1.09914512e-05 1.98004178e-07 3.50001968e-09 6.19355608e-11]
 [0.00000000e+00 0.00000000e+00 1.00000000e+00 4.82447616e-02
  1.59260078e-03 4.51777623e-05 1.19668082e-06 3.09483893e-08]
 [0.00000000e+00 0.00000000e+00 0.00000000e+00 1.00000000e+00
  7.32738890e-02 3.51188818e-03 1.42372381e-04 5.42626787e-06]
 [0.00000000e+00 0.00000000e+00 0.00000000e+00 0.00000000e+00
  1.00000000e+00 1.08962251e-01 7.80872855e-03 4.99757365e-04]
 [0.00000000e+00 0.00000000e+00 0.00000000e+00 0.00000000e+00
  0.00000000e+00 0.00000000e+00 0.00000000e+00 0.00000000e+00]
 [0.00000000e+00 0.00000000e+00 0.00000000e+00 0.00000000e+00
  0.00000000e+00 0.00000000e+00 0.00000000e+00 0.00000000e+00]
 [0.00000000e+00 0.00000000e+00 0.00000000e+00 0.00000000e+00
  0.00000000e+00 0.00000000e+00 0.00000000e+00 0.00000000e+00]]

A
[[5.86235202e+26 7.54655349e+24 9.74657637e+22 1.26352468e+21
  1.64511474e+19 2.15287610e+17 2.83467095e+15 3.76092601e+13
  6.04843859e+13]
 [7.54655349e+24 9.74657637e+22 1.26352468e+21 1.64511474e+19
  2.15287610e+17 2.83467095e+15 3.76092601e+13 5.03938574e+11
  8.10710770e+11]
 [9.74657637e+22 1.26352468e+21 1.64511474e+19 2.15287610e+17
  2.83467095e+15 3.76092601e+13 5.03938574e+11 6.84417577e+09
  1.10153204e+10]
 [1.26352468e+21 1.64511474e+19 2.15287610e+17 2.83467095e+15
  3.76092601e+13 5.03938574e+11 6.84417577e+09 9.47920680e+07
  1.52655453e+08]
 [1.64511474e+19 2.15287610e+17 2.83467095e+15 3.76092601e+13
  5.03938574e+11 6.84417577e+09 9.47920680e+07 1.35351200e+06
  2.18170109e+06]
 [2.15287610e+17 2.83467095e+15 3.76092601e+13 5.03938574e+11
  6.84417577e+09 9.47920680e+07 1.35351200e+06 2.03520000e+04
  3.28520550e+04]
 [2.83467095e+15 3.76092601e+13 5.03938574e+11 6.84417577e+09
  9.47920680e+07 1.35351200e+06 2.03520000e+04 3.38000000e+02
  5.46955000e+02]
 [3.76092601e+13 5.03938574e+11 6.84417577e+09 9.47920680e+07
  1.35351200e+06 2.03520000e+04 3.38000000e+02 8.00000000e+00
  1.30400000e+01]]


L[5][5] = A[5][5]
L[6][5] = A[6][5]
L[7][5] = A[7][5]

L
[[5.86235202e+26 0.00000000e+00 0.00000000e+00 0.00000000e+00
  0.00000000e+00 0.00000000e+00 0.00000000e+00 0.00000000e+00]
 [7.54655349e+24 3.19653548e+20 0.00000000e+00 0.00000000e+00
  0.00000000e+00 0.00000000e+00 0.00000000e+00 0.00000000e+00]
 [9.74657637e+22 8.85659463e+18 1.38395385e+15 0.00000000e+00
  0.00000000e+00 0.00000000e+00 0.00000000e+00 0.00000000e+00]
 [1.26352468e+21 1.85906859e+17 6.67685237e+13 2.79085194e+10
  0.00000000e+00 0.00000000e+00 0.00000000e+00 0.00000000e+00]
 [1.64511474e+19 3.51345637e+15 2.20408598e+12 2.04496575e+09
  2.38076126e+06 0.00000000e+00 0.00000000e+00 0.00000000e+00]
 [2.15287610e+17 6.32927381e+13 6.25239382e+10 9.80115993e+07
  2.59413105e+05 9.71722324e+02 0.00000000e+00 0.00000000e+00]
 [2.83467095e+15 1.11879371e+12 1.65615103e+09 3.97340236e+06
  1.85907184e+04 1.87376039e+02 0.00000000e+00 0.00000000e+00]
 [3.76092601e+13 1.97979218e+10 4.28311426e+07 1.51439102e+05
  1.18980297e+03 2.38982347e+01 0.00000000e+00 0.00000000e+00]]

U[5][6] = (A[5][6]) / L[5][5]
U[5][7] = (A[5][7]) / L[5][5]

U
[[1.00000000e+00 1.28729108e-02 1.66257099e-04 2.15532039e-06
  2.80623671e-08 3.67237603e-10 4.83538167e-12 6.41538755e-14]
 [0.00000000e+00 1.00000000e+00 2.77068554e-02 5.81588598e-04
  1.09914512e-05 1.98004178e-07 3.50001968e-09 6.19355608e-11]
 [0.00000000e+00 0.00000000e+00 1.00000000e+00 4.82447616e-02
  1.59260078e-03 4.51777623e-05 1.19668082e-06 3.09483893e-08]
 [0.00000000e+00 0.00000000e+00 0.00000000e+00 1.00000000e+00
  7.32738890e-02 3.51188818e-03 1.42372381e-04 5.42626787e-06]
 [0.00000000e+00 0.00000000e+00 0.00000000e+00 0.00000000e+00
  1.00000000e+00 1.08962251e-01 7.80872855e-03 4.99757365e-04]
 [0.00000000e+00 0.00000000e+00 0.00000000e+00 0.00000000e+00
  0.00000000e+00 1.00000000e+00 1.92828789e-01 2.45936871e-02]
 [0.00000000e+00 0.00000000e+00 0.00000000e+00 0.00000000e+00
  0.00000000e+00 0.00000000e+00 0.00000000e+00 0.00000000e+00]
 [0.00000000e+00 0.00000000e+00 0.00000000e+00 0.00000000e+00
  0.00000000e+00 0.00000000e+00 0.00000000e+00 0.00000000e+00]]

A
[[5.86235202e+26 7.54655349e+24 9.74657637e+22 1.26352468e+21
  1.64511474e+19 2.15287610e+17 2.83467095e+15 3.76092601e+13
  6.04843859e+13]
 [7.54655349e+24 9.74657637e+22 1.26352468e+21 1.64511474e+19
  2.15287610e+17 2.83467095e+15 3.76092601e+13 5.03938574e+11
  8.10710770e+11]
 [9.74657637e+22 1.26352468e+21 1.64511474e+19 2.15287610e+17
  2.83467095e+15 3.76092601e+13 5.03938574e+11 6.84417577e+09
  1.10153204e+10]
 [1.26352468e+21 1.64511474e+19 2.15287610e+17 2.83467095e+15
  3.76092601e+13 5.03938574e+11 6.84417577e+09 9.47920680e+07
  1.52655453e+08]
 [1.64511474e+19 2.15287610e+17 2.83467095e+15 3.76092601e+13
  5.03938574e+11 6.84417577e+09 9.47920680e+07 1.35351200e+06
  2.18170109e+06]
 [2.15287610e+17 2.83467095e+15 3.76092601e+13 5.03938574e+11
  6.84417577e+09 9.47920680e+07 1.35351200e+06 2.03520000e+04
  3.28520550e+04]
 [2.83467095e+15 3.76092601e+13 5.03938574e+11 6.84417577e+09
  9.47920680e+07 1.35351200e+06 2.03520000e+04 3.38000000e+02
  5.46955000e+02]
 [3.76092601e+13 5.03938574e+11 6.84417577e+09 9.47920680e+07
  1.35351200e+06 2.03520000e+04 3.38000000e+02 8.00000000e+00
  1.30400000e+01]]


L[6][6] = A[6][6]
L[7][6] = A[7][6]

L
[[5.86235202e+26 0.00000000e+00 0.00000000e+00 0.00000000e+00
  0.00000000e+00 0.00000000e+00 0.00000000e+00 0.00000000e+00]
 [7.54655349e+24 3.19653548e+20 0.00000000e+00 0.00000000e+00
  0.00000000e+00 0.00000000e+00 0.00000000e+00 0.00000000e+00]
 [9.74657637e+22 8.85659463e+18 1.38395385e+15 0.00000000e+00
  0.00000000e+00 0.00000000e+00 0.00000000e+00 0.00000000e+00]
 [1.26352468e+21 1.85906859e+17 6.67685237e+13 2.79085194e+10
  0.00000000e+00 0.00000000e+00 0.00000000e+00 0.00000000e+00]
 [1.64511474e+19 3.51345637e+15 2.20408598e+12 2.04496575e+09
  2.38076126e+06 0.00000000e+00 0.00000000e+00 0.00000000e+00]
 [2.15287610e+17 6.32927381e+13 6.25239382e+10 9.80115993e+07
  2.59413105e+05 9.71722324e+02 0.00000000e+00 0.00000000e+00]
 [2.83467095e+15 1.11879371e+12 1.65615103e+09 3.97340236e+06
  1.85907184e+04 1.87376039e+02 5.95739077e-01 0.00000000e+00]
 [3.76092601e+13 1.97979218e+10 4.28311426e+07 1.51439102e+05
  1.18980297e+03 2.38982347e+01 1.36688518e-01 0.00000000e+00]]

U[6][7] = (A[6][7]) / L[6][6]

U
[[1.00000000e+00 1.28729108e-02 1.66257099e-04 2.15532039e-06
  2.80623671e-08 3.67237603e-10 4.83538167e-12 6.41538755e-14]
 [0.00000000e+00 1.00000000e+00 2.77068554e-02 5.81588598e-04
  1.09914512e-05 1.98004178e-07 3.50001968e-09 6.19355608e-11]
 [0.00000000e+00 0.00000000e+00 1.00000000e+00 4.82447616e-02
  1.59260078e-03 4.51777623e-05 1.19668082e-06 3.09483893e-08]
 [0.00000000e+00 0.00000000e+00 0.00000000e+00 1.00000000e+00
  7.32738890e-02 3.51188818e-03 1.42372381e-04 5.42626787e-06]
 [0.00000000e+00 0.00000000e+00 0.00000000e+00 0.00000000e+00
  1.00000000e+00 1.08962251e-01 7.80872855e-03 4.99757365e-04]
 [0.00000000e+00 0.00000000e+00 0.00000000e+00 0.00000000e+00
  0.00000000e+00 1.00000000e+00 1.92828789e-01 2.45936871e-02]
 [0.00000000e+00 0.00000000e+00 0.00000000e+00 0.00000000e+00
  0.00000000e+00 0.00000000e+00 1.00000000e+00 2.29443599e-01]
 [0.00000000e+00 0.00000000e+00 0.00000000e+00 0.00000000e+00
  0.00000000e+00 0.00000000e+00 0.00000000e+00 0.00000000e+00]]


U[7][7] = 1

U
[[1.00000000e+00 1.28729108e-02 1.66257099e-04 2.15532039e-06
  2.80623671e-08 3.67237603e-10 4.83538167e-12 6.41538755e-14]
 [0.00000000e+00 1.00000000e+00 2.77068554e-02 5.81588598e-04
  1.09914512e-05 1.98004178e-07 3.50001968e-09 6.19355608e-11]
 [0.00000000e+00 0.00000000e+00 1.00000000e+00 4.82447616e-02
  1.59260078e-03 4.51777623e-05 1.19668082e-06 3.09483893e-08]
 [0.00000000e+00 0.00000000e+00 0.00000000e+00 1.00000000e+00
  7.32738890e-02 3.51188818e-03 1.42372381e-04 5.42626787e-06]
 [0.00000000e+00 0.00000000e+00 0.00000000e+00 0.00000000e+00
  1.00000000e+00 1.08962251e-01 7.80872855e-03 4.99757365e-04]
 [0.00000000e+00 0.00000000e+00 0.00000000e+00 0.00000000e+00
  0.00000000e+00 1.00000000e+00 1.92828789e-01 2.45936871e-02]
 [0.00000000e+00 0.00000000e+00 0.00000000e+00 0.00000000e+00
  0.00000000e+00 0.00000000e+00 1.00000000e+00 2.29443599e-01]
 [0.00000000e+00 0.00000000e+00 0.00000000e+00 0.00000000e+00
  0.00000000e+00 0.00000000e+00 0.00000000e+00 1.00000000e+00]]


L[7][7] = ap[7][7]
L
[[5.86235202e+26 0.00000000e+00 0.00000000e+00 0.00000000e+00
  0.00000000e+00 0.00000000e+00 0.00000000e+00 0.00000000e+00]
 [7.54655349e+24 3.19653548e+20 0.00000000e+00 0.00000000e+00
  0.00000000e+00 0.00000000e+00 0.00000000e+00 0.00000000e+00]
 [9.74657637e+22 8.85659463e+18 1.38395385e+15 0.00000000e+00
  0.00000000e+00 0.00000000e+00 0.00000000e+00 0.00000000e+00]
 [1.26352468e+21 1.85906859e+17 6.67685237e+13 2.79085194e+10
  0.00000000e+00 0.00000000e+00 0.00000000e+00 0.00000000e+00]
 [1.64511474e+19 3.51345637e+15 2.20408598e+12 2.04496575e+09
  2.38076126e+06 0.00000000e+00 0.00000000e+00 0.00000000e+00]
 [2.15287610e+17 6.32927381e+13 6.25239382e+10 9.80115993e+07
  2.59413105e+05 9.71722324e+02 0.00000000e+00 0.00000000e+00]
 [2.83467095e+15 1.11879371e+12 1.65615103e+09 3.97340236e+06
  1.85907184e+04 1.87376039e+02 5.95739077e-01 0.00000000e+00]
 [3.76092601e+13 1.97979218e+10 4.28311426e+07 1.51439102e+05
  1.18980297e+03 2.38982347e+01 1.36688518e-01 1.00000000e+00]]


A
[[5.86235202e+26 7.54655349e+24 9.74657637e+22 1.26352468e+21
  1.64511474e+19 2.15287610e+17 2.83467095e+15 3.76092601e+13]
 [7.54655349e+24 9.74657637e+22 1.26352468e+21 1.64511474e+19
  2.15287610e+17 2.83467095e+15 3.76092601e+13 5.03938574e+11]
 [9.74657637e+22 1.26352468e+21 1.64511474e+19 2.15287610e+17
  2.83467095e+15 3.76092601e+13 5.03938574e+11 6.84417577e+09]
 [1.26352468e+21 1.64511474e+19 2.15287610e+17 2.83467095e+15
  3.76092601e+13 5.03938574e+11 6.84417577e+09 9.47920680e+07]
 [1.64511474e+19 2.15287610e+17 2.83467095e+15 3.76092601e+13
