X = [-2.0, -1.0, 1.0]	 Y = [0.45, 0.85, 0.84]

	 INTERPOLATION : LAGRANGE 

P(x) = 0.45*(0.333333333333333 - 0.333333333333333*x)*(-1.0*x - 1.0) + 0.85*(0.5 - 0.5*x)*(1.0*x + 2.0) + 0.84*(0.333333333333333*x + 0.666666666666667)*(0.5*x + 0.5)
