X = [1.0, 10.0, 20.0, -20.0]	 Y = [1.22, 10.2, 20.2, -19.8]

	 INTERPOLATION : LAGRANGE 

P(x) = -19.8*(0.0476190476190476 - 0.0476190476190476*x)*(0.333333333333333 - 0.0333333333333333*x)*(0.5 - 0.025*x) + 1.22*(1.05263157894737 - 0.0526315789473684*x)*(1.11111111111111 - 0.111111111111111*x)*(0.0476190476190476*x + 0.952380952380952) + 10.2*(2.0 - 0.1*x)*(0.0333333333333333*x + 0.666666666666667)*(0.111111111111111*x - 0.111111111111111) + 20.2*(0.025*x + 0.5)*(0.0526315789473684*x - 0.0526315789473684)*(0.1*x - 1.0)
