X = [-2.0, -1.0, 1.0, 2.0, 3.0]	 Y = [0.4546, 0.8414, 0.8414, 0.4546, 0.04704]

	 INTERPOLATION : LAGRANGE 

P(x) = 0.4546*(0.333333333333333 - 0.333333333333333*x)*(0.5 - 0.25*x)*(0.6 - 0.2*x)*(-1.0*x - 1.0) + 0.8414*(0.5 - 0.5*x)*(0.666666666666667 - 0.333333333333333*x)*(0.75 - 0.25*x)*(1.0*x + 2.0) + 0.8414*(1.5 - 0.5*x)*(2.0 - 1.0*x)*(0.333333333333333*x + 0.666666666666667)*(0.5*x + 0.5) + 0.4546*(3.0 - 1.0*x)*(0.25*x + 0.5)*(0.333333333333333*x + 0.333333333333333)*(1.0*x - 1.0) + 0.04704*(0.2*x + 0.4)*(0.25*x + 0.25)*(0.5*x - 0.5)*(1.0*x - 2.0)


	 INTERPOLATION : NEWTON 

matice de newton : 
[[0. 0. 0. 0. 0. 0.]
 [0. 0. 0. 0. 0. 0.]
 [0. 0. 0. 0. 0. 0.]
 [0. 0. 0. 0. 0. 0.]
 [0. 0. 0. 0. 0. 0.]]

ap[0][0] = 1

 [[1. 0. 0. 0. 0. 0.]
 [0. 0. 0. 0. 0. 0.]
 [0. 0. 0. 0. 0. 0.]
 [0. 0. 0. 0. 0. 0.]
 [0. 0. 0. 0. 0. 0.]]

ap[1][0] = 1
ap[1][1] = 1 * (-1.0 - -2.0)

 [[1. 0. 0. 0. 0. 0.]
 [1. 1. 0. 0. 0. 0.]
 [0. 0. 0. 0. 0. 0.]
 [0. 0. 0. 0. 0. 0.]
 [0. 0. 0. 0. 0. 0.]]

ap[2][0] = 1
ap[2][1] = 1 * (1.0 - -2.0)
ap[2][2] = 1 * (1.0 - -2.0) * (1.0 - -1.0)

 [[1. 0. 0. 0. 0. 0.]
 [1. 1. 0. 0. 0. 0.]
 [1. 3. 6. 0. 0. 0.]
 [0. 0. 0. 0. 0. 0.]
 [0. 0. 0. 0. 0. 0.]]

ap[3][0] = 1
ap[3][1] = 1 * (2.0 - -2.0)
ap[3][2] = 1 * (2.0 - -2.0) * (2.0 - -1.0)
ap[3][3] = 1 * (2.0 - -2.0) * (2.0 - -1.0) * (2.0 - 1.0)

 [[ 1.  0.  0.  0.  0.  0.]
 [ 1.  1.  0.  0.  0.  0.]
 [ 1.  3.  6.  0.  0.  0.]
 [ 1.  4. 12. 12.  0.  0.]
 [ 0.  0.  0.  0.  0.  0.]]

ap[4][0] = 1
ap[4][1] = 1 * (3.0 - -2.0)
ap[4][2] = 1 * (3.0 - -2.0) * (3.0 - -1.0)
ap[4][3] = 1 * (3.0 - -2.0) * (3.0 - -1.0) * (3.0 - 1.0)
ap[4][4] = 1 * (3.0 - -2.0) * (3.0 - -1.0) * (3.0 - 1.0) * (3.0 - 2.0)

 [[ 1.  0.  0.  0.  0.  0.]
 [ 1.  1.  0.  0.  0.  0.]
 [ 1.  3.  6.  0.  0.  0.]
 [ 1.  4. 12. 12.  0.  0.]
 [ 1.  5. 20. 40. 40.  0.]]

[ap|y]

 [[ 1.       0.       0.       0.       0.       0.4546 ]
 [ 1.       1.       0.       0.       0.       0.8414 ]
 [ 1.       3.       6.       0.       0.       0.8414 ]
 [ 1.       4.      12.      12.       0.       0.4546 ]
 [ 1.       5.      20.      40.      40.       0.04704]]

alpha : [0.4546, 0.38680000000000003, -0.12893333333333334, 0.0, 0.005927666666666664]
P(x) = 0.38680000000000003*x + (-0.12893333333333334*x - 0.25786666666666668)*(x + 1.0) + (0.005927666666666664*x + 0.01185533333333333)*(x - 2.0)*(x - 1.0)*(x + 1.0) + 1.2282000000000001


	 INTERPOLATION : MOINDRES CARRES 

p = 4
[P|B]
P : 
[[7.075000e+03 2.187000e+03 8.590000e+02 2.430000e+02 1.150000e+02
  2.004024e+01]
 [2.187000e+03 8.590000e+02 2.430000e+02 1.150000e+02 2.700000e+01
  1.270080e+00]
 [8.590000e+02 2.430000e+02 1.150000e+02 2.700000e+01 1.900000e+01
  5.742960e+00]
 [2.430000e+02 1.150000e+02 2.700000e+01 1.900000e+01 3.000000e+00
  1.411200e-01]
 [1.150000e+02 2.700000e+01 1.900000e+01 3.000000e+00 5.000000e+00
  2.639040e+00]]

A :
 [[7.075000e+03 2.187000e+03 8.590000e+02 2.430000e+02 1.150000e+02
  2.004024e+01]
 [2.187000e+03 8.590000e+02 2.430000e+02 1.150000e+02 2.700000e+01
  1.270080e+00]
 [8.590000e+02 2.430000e+02 1.150000e+02 2.700000e+01 1.900000e+01
  5.742960e+00]
 [2.430000e+02 1.150000e+02 2.700000e+01 1.900000e+01 3.000000e+00
  1.411200e-01]
 [1.150000e+02 2.700000e+01 1.900000e+01 3.000000e+00 5.000000e+00
  2.639040e+00]]
	 DECOMPOSITION LU : CROUT 

A
[[7.075000e+03 2.187000e+03 8.590000e+02 2.430000e+02 1.150000e+02
  2.004024e+01]
 [2.187000e+03 8.590000e+02 2.430000e+02 1.150000e+02 2.700000e+01
  1.270080e+00]
 [8.590000e+02 2.430000e+02 1.150000e+02 2.700000e+01 1.900000e+01
  5.742960e+00]
 [2.430000e+02 1.150000e+02 2.700000e+01 1.900000e+01 3.000000e+00
  1.411200e-01]
 [1.150000e+02 2.700000e+01 1.900000e+01 3.000000e+00 5.000000e+00
  2.639040e+00]]


L[0][0] = A[0][0]
L[1][0] = A[1][0]
L[2][0] = A[2][0]
L[3][0] = A[3][0]
L[4][0] = A[4][0]

L
[[7075.    0.    0.    0.    0.]
 [2187.    0.    0.    0.    0.]
 [ 859.    0.    0.    0.    0.]
 [ 243.    0.    0.    0.    0.]
 [ 115.    0.    0.    0.    0.]]

U[0][1] = (A[0][1]) / L[0][0]
U[0][2] = (A[0][2]) / L[0][0]
U[0][3] = (A[0][3]) / L[0][0]
U[0][4] = (A[0][4]) / L[0][0]

U
[[1.         0.30911661 0.12141343 0.03434629 0.01625442]
 [0.         0.         0.         0.         0.        ]
 [0.         0.         0.         0.         0.        ]
 [0.         0.         0.         0.         0.        ]
 [0.         0.         0.         0.         0.        ]]

A
[[7.075000e+03 2.187000e+03 8.590000e+02 2.430000e+02 1.150000e+02
  2.004024e+01]
 [2.187000e+03 8.590000e+02 2.430000e+02 1.150000e+02 2.700000e+01
  1.270080e+00]
 [8.590000e+02 2.430000e+02 1.150000e+02 2.700000e+01 1.900000e+01
  5.742960e+00]
 [2.430000e+02 1.150000e+02 2.700000e+01 1.900000e+01 3.000000e+00
  1.411200e-01]
 [1.150000e+02 2.700000e+01 1.900000e+01 3.000000e+00 5.000000e+00
  2.639040e+00]]


L[1][1] = A[1][1]
L[2][1] = A[2][1]
L[3][1] = A[3][1]
L[4][1] = A[4][1]

L
[[7075.            0.            0.            0.            0.        ]
 [2187.          182.9619788     0.            0.            0.        ]
 [ 859.          -22.53116608    0.            0.            0.        ]
 [ 243.           39.88466431    0.            0.            0.        ]
 [ 115.           -8.54840989    0.            0.            0.        ]]

U[1][2] = (A[1][2]) / L[1][1]
U[1][3] = (A[1][3]) / L[1][1]
U[1][4] = (A[1][4]) / L[1][1]

U
[[ 1.          0.30911661  0.12141343  0.03434629  0.01625442]
 [ 0.          1.         -0.12314671  0.21799428 -0.04672233]
 [ 0.          0.          0.          0.          0.        ]
 [ 0.          0.          0.          0.          0.        ]
 [ 0.          0.          0.          0.          0.        ]]

A
[[7.075000e+03 2.187000e+03 8.590000e+02 2.430000e+02 1.150000e+02
  2.004024e+01]
 [2.187000e+03 8.590000e+02 2.430000e+02 1.150000e+02 2.700000e+01
  1.270080e+00]
 [8.590000e+02 2.430000e+02 1.150000e+02 2.700000e+01 1.900000e+01
  5.742960e+00]
 [2.430000e+02 1.150000e+02 2.700000e+01 1.900000e+01 3.000000e+00
  1.411200e-01]
 [1.150000e+02 2.700000e+01 1.900000e+01 3.000000e+00 5.000000e+00
  2.639040e+00]]


L[2][2] = A[2][2]
L[3][2] = A[3][2]
L[4][2] = A[4][2]

L
[[ 7.07500000e+03  0.00000000e+00  0.00000000e+00  0.00000000e+00
   0.00000000e+00]
 [ 2.18700000e+03  1.82961979e+02  0.00000000e+00  0.00000000e+00
   0.00000000e+00]
 [ 8.59000000e+02 -2.25311661e+01  7.93122671e+00  0.00000000e+00
   0.00000000e+00]
 [ 2.43000000e+02  3.98846643e+01  2.40820236e+00  0.00000000e+00
   0.00000000e+00]
 [ 1.15000000e+02 -8.54840989e+00  3.98474726e+00  0.00000000e+00
   0.00000000e+00]]

U[2][3] = (A[2][3]) / L[2][2]
U[2][4] = (A[2][4]) / L[2][2]

U
[[ 1.          0.30911661  0.12141343  0.03434629  0.01625442]
 [ 0.          1.         -0.12314671  0.21799428 -0.04672233]
 [ 0.          0.          1.          0.30363555  0.50241248]
 [ 0.          0.          0.          0.          0.        ]
 [ 0.          0.          0.          0.          0.        ]]

A
[[7.075000e+03 2.187000e+03 8.590000e+02 2.430000e+02 1.150000e+02
  2.004024e+01]
 [2.187000e+03 8.590000e+02 2.430000e+02 1.150000e+02 2.700000e+01
  1.270080e+00]
 [8.590000e+02 2.430000e+02 1.150000e+02 2.700000e+01 1.900000e+01
  5.742960e+00]
 [2.430000e+02 1.150000e+02 2.700000e+01 1.900000e+01 3.000000e+00
  1.411200e-01]
 [1.150000e+02 2.700000e+01 1.900000e+01 3.000000e+00 5.000000e+00
  2.639040e+00]]


L[3][3] = A[3][3]
L[4][3] = A[4][3]

L
[[ 7.07500000e+03  0.00000000e+00  0.00000000e+00  0.00000000e+00
   0.00000000e+00]
 [ 2.18700000e+03  1.82961979e+02  0.00000000e+00  0.00000000e+00
   0.00000000e+00]
 [ 8.59000000e+02 -2.25311661e+01  7.93122671e+00  0.00000000e+00
   0.00000000e+00]
 [ 2.43000000e+02  3.98846643e+01  2.40820236e+00  1.22800718e+00
   0.00000000e+00]
 [ 1.15000000e+02 -8.54840989e+00  3.98474726e+00 -2.96229803e-01
   0.00000000e+00]]

U[3][4] = (A[3][4]) / L[3][3]

U
[[ 1.          0.30911661  0.12141343  0.03434629  0.01625442]
 [ 0.          1.         -0.12314671  0.21799428 -0.04672233]
 [ 0.          0.          1.          0.30363555  0.50241248]
 [ 0.          0.          0.          1.         -0.24122807]
 [ 0.          0.          0.          0.          0.        ]]


U[4][4] = 1

U
[[ 1.          0.30911661  0.12141343  0.03434629  0.01625442]
 [ 0.          1.         -0.12314671  0.21799428 -0.04672233]
 [ 0.          0.          1.          0.30363555  0.50241248]
 [ 0.          0.          0.          1.         -0.24122807]
 [ 0.          0.          0.          0.          1.        ]]


L[4][4] = ap[4][4]
L
[[ 7.07500000e+03  0.00000000e+00  0.00000000e+00  0.00000000e+00
   0.00000000e+00]
 [ 2.18700000e+03  1.82961979e+02  0.00000000e+00  0.00000000e+00
   0.00000000e+00]
 [ 8.59000000e+02 -2.25311661e+01  7.93122671e+00  0.00000000e+00
   0.00000000e+00]
 [ 2.43000000e+02  3.98846643e+01  2.40820236e+00  1.22800718e+00
   0.00000000e+00]
 [ 1.15000000e+02 -8.54840989e+00  3.98474726e+00 -2.96229803e-01
   6.57894737e-01]]


A
[[7.075e+03 2.187e+03 8.590e+02 2.430e+02 1.150e+02]
 [2.187e+03 8.590e+02 2.430e+02 1.150e+02 2.700e+01]
 [8.590e+02 2.430e+02 1.150e+02 2.700e+01 1.900e+01]
 [2.430e+02 1.150e+02 2.700e+01 1.900e+01 3.000e+00]
 [1.150e+02 2.700e+01 1.900e+01 3.000e+00 5.000e+00]]

L = [L|b]
[[ 7.07500000e+03  0.00000000e+00  0.00000000e+00  0.00000000e+00
   0.00000000e+00  2.00402400e+01]
 [ 2.18700000e+03  1.82961979e+02  0.00000000e+00  0.00000000e+00
   0.00000000e+00  1.27008000e+00]
 [ 8.59000000e+02 -2.25311661e+01  7.93122671e+00  0.00000000e+00
   0.00000000e+00  5.74296000e+00]
 [ 2.43000000e+02  3.98846643e+01  2.40820236e+00  1.22800718e+00
   0.00000000e+00  1.41120000e-01]
 [ 1.15000000e+02 -8.54840989e+00  3.98474726e+00 -2.96229803e-01
   6.57894737e-01  2.63904000e+00]]

Y = [0.002832542756183746, -0.02691647215509835, 0.3408484421753441, -0.23979131578947413, 0.994043999999998]t

U = [U|Y]
[[ 1.          0.30911661  0.12141343  0.03434629  0.01625442  0.00283254]
 [ 0.          1.         -0.12314671  0.21799428 -0.04672233 -0.02691647]
 [ 0.          0.          1.          0.30363555  0.50241248  0.34084844]
 [ 0.          0.          0.          1.         -0.24122807 -0.23979132]
 [ 0.          0.          0.          0.          1.          0.994044  ]]

X = [0.0059276666666665916, -5.551115123125783e-17, -0.15857166666666572, 2.498001805406602e-16, 0.994043999999998]t

P(x) = ((0.0059276666666665916) * x**4) + ((-5.551115123125783e-17) * x**3) + ((-0.15857166666666572) * x**2) + ((2.498001805406602e-16) * x**1) + (0.994043999999998)
