X = [-2.0, -1.0, 1.0, 2.0, 3.0]	 Y = [0.4546, 0.8414, 0.8414, 0.4546, 0.04704]

	 INTERPOLATION : LAGRANGE 

P(x) = 0.4546*(0.333333333333333 - 0.333333333333333*x)*(0.5 - 0.25*x)*(0.6 - 0.2*x)*(-1.0*x - 1.0) + 0.8414*(0.5 - 0.5*x)*(0.666666666666667 - 0.333333333333333*x)*(0.75 - 0.25*x)*(1.0*x + 2.0) + 0.8414*(1.5 - 0.5*x)*(2.0 - 1.0*x)*(0.333333333333333*x + 0.666666666666667)*(0.5*x + 0.5) + 0.4546*(3.0 - 1.0*x)*(0.25*x + 0.5)*(0.333333333333333*x + 0.333333333333333)*(1.0*x - 1.0) + 0.04704*(0.2*x + 0.4)*(0.25*x + 0.25)*(0.5*x - 0.5)*(1.0*x - 2.0)
