X = [-2.0, 1.0, 0.0, 1.0, 2.0]	 Y = [3.0, 1.0, 1.0, 3.0, 7.0]

	 INTERPOLATION : LAGRANGE 

P(x) = -0.166666666666667*x*(0.5 - 0.25*x)*(1 - x)**2 + 2*zoo*x*(2.0 - 1.0*x)*(0.333333333333333*x + 0.666666666666667)*(x - 1.0) + 3.5*x*(0.25*x + 0.5)*(1.0*x - 1.0)**2 + 1.0*(1.0 - 1.0*x)**2*(1.0 - 0.5*x)*(0.5*x + 1.0)
