A :
 [[1.0, 2.0, 3.0, 0.0], [4.0, 5.0, 6.0, 0.0], [7.0, 8.0, 9.0, 0.0]]

	 GAUSS AVEC PIVOT PARTIEL SANS NORMALISATION 


piviotage 0
A
[[7. 8. 9. 0.]
 [4. 5. 6. 0.]
 [1. 2. 3. 0.]]

Application : 
::: L2 <- L2 - (4.0/7.0)*L1
::: L3 <- L3 - (1.0/7.0)*L1
A 
[[7.         8.         9.         0.        ]
 [0.         0.42857143 0.85714286 0.        ]
 [0.         0.85714286 1.71428571 0.        ]]

piviotage 1
A
[[7.         8.         9.         0.        ]
 [0.         0.85714286 1.71428571 0.        ]
 [0.         0.42857143 0.85714286 0.        ]]

Application : 
::: L3 <- L3 - (0.4285714285714288/0.8571428571428572)*L2
A 
[[ 7.00000000e+00  8.00000000e+00  9.00000000e+00  0.00000000e+00]
 [ 0.00000000e+00  8.57142857e-01  1.71428571e+00  0.00000000e+00]
 [ 0.00000000e+00  0.00000000e+00 -7.77156117e-16  0.00000000e+00]]

X = [0.0, 0.0, -0.0]

	 GAUSS AVEC PIVOT PARTIEL AVEC NORMALISATION 


 -piviotage

A 
[[7. 8. 9. 0.]
 [4. 5. 6. 0.]
 [1. 2. 3. 0.]]

 -normalisation : 
::: L0 <- L0/7.0
[[1.         1.14285714 1.28571429 0.        ]
 [4.         5.         6.         0.        ]
 [1.         2.         3.         0.        ]]

 -application
::: L1 <- L1 - (4.0)*L0
::: L2 <- L2 - (1.0)*L0
[[1.         1.14285714 1.28571429 0.        ]
 [0.         0.42857143 0.85714286 0.        ]
 [0.         0.85714286 1.71428571 0.        ]]

 -piviotage

A 
[[1.         1.14285714 1.28571429 0.        ]
 [0.         0.85714286 1.71428571 0.        ]
 [0.         0.42857143 0.85714286 0.        ]]

 -normalisation : 
::: L1 <- L1/0.8571428571428572
[[1.         1.14285714 1.28571429 0.        ]
 [0.         1.         2.         0.        ]
 [0.         0.42857143 0.85714286 0.        ]]

 -application
::: L2 <- L2 - (0.4285714285714288)*L1
[[ 1.00000000e+00  1.14285714e+00  1.28571429e+00  0.00000000e+00]
 [ 0.00000000e+00  1.00000000e+00  2.00000000e+00  0.00000000e+00]
 [ 0.00000000e+00  0.00000000e+00 -7.77156117e-16  0.00000000e+00]]
X = [0.0, 0.0, -0.0]

	 GAUSS AVEC PIVOT TOTAL AVEC NORMALISATION 


 -piviotage 

A 
[[7. 8. 9. 0.]
 [4. 5. 6. 0.]
 [1. 2. 3. 0.]]

 -normalisation : 
::: L0 <- L0/7.0
[[1.         1.14285714 1.28571429 0.        ]
 [4.         5.         6.         0.        ]
 [1.         2.         3.         0.        ]]

 -application
::: L1 <- L1 - (4.0)*L0
::: L2 <- L2 - (1.0)*L0
[[1.         1.14285714 1.28571429 0.        ]
 [0.         0.42857143 0.85714286 0.        ]
 [0.         0.85714286 1.71428571 0.        ]]

 -piviotage 

A 
[[1.         1.14285714 1.28571429 0.        ]
 [0.         0.85714286 1.71428571 0.        ]
 [0.         0.42857143 0.85714286 0.        ]]

 -normalisation : 
::: L1 <- L1/0.8571428571428572
[[1.         1.14285714 1.28571429 0.        ]
 [0.         1.         2.         0.        ]
 [0.         0.42857143 0.85714286 0.        ]]

 -application
::: L2 <- L2 - (0.4285714285714288)*L1
[[ 1.00000000e+00  1.14285714e+00  1.28571429e+00  0.00000000e+00]
 [ 0.00000000e+00  1.00000000e+00  2.00000000e+00  0.00000000e+00]
 [ 0.00000000e+00  0.00000000e+00 -7.77156117e-16  0.00000000e+00]]
X = [0.0, 0.0, -0.0]
